2018/11/28-14:13:44.798011 e07c RocksDB version: 5.14.2
2018/11/28-14:13:44.798124 e07c Git sha rocksdb_build_git_sha:@5089e121166c46956a8a21c8ef967f1896c239de@
2018/11/28-14:13:44.798174 e07c Compile date Jul  6 2018
2018/11/28-14:13:44.798207 e07c DB SUMMARY
2018/11/28-14:13:44.798343 e07c SST files in F:\IDEAspace\HelloWordJSoup\crawler\link dir, Total Num: 0, files: 
2018/11/28-14:13:44.798375 e07c Write Ahead Log file in F:\IDEAspace\HelloWordJSoup\crawler\link: 
2018/11/28-14:13:44.798399 e07c                         Options.error_if_exists: 0
2018/11/28-14:13:44.798422 e07c                       Options.create_if_missing: 1
2018/11/28-14:13:44.798445 e07c                         Options.paranoid_checks: 1
2018/11/28-14:13:44.798468 e07c                                     Options.env: 0000000000943650
2018/11/28-14:13:44.798864 e07c                                Options.info_log: 000000001A57AB70
2018/11/28-14:13:44.798892 e07c                Options.max_file_opening_threads: 16
2018/11/28-14:13:44.798909 e07c                              Options.statistics: 0000000000000000
2018/11/28-14:13:44.798931 e07c                               Options.use_fsync: 0
2018/11/28-14:13:44.798943 e07c                       Options.max_log_file_size: 0
2018/11/28-14:13:44.798954 e07c                  Options.max_manifest_file_size: 18446744073709551615
2018/11/28-14:13:44.798968 e07c                   Options.log_file_time_to_roll: 0
2018/11/28-14:13:44.798980 e07c                       Options.keep_log_file_num: 1000
2018/11/28-14:13:44.798990 e07c                    Options.recycle_log_file_num: 0
2018/11/28-14:13:44.799000 e07c                         Options.allow_fallocate: 1
2018/11/28-14:13:44.799011 e07c                        Options.allow_mmap_reads: 0
2018/11/28-14:13:44.799022 e07c                       Options.allow_mmap_writes: 0
2018/11/28-14:13:44.799036 e07c                        Options.use_direct_reads: 0
2018/11/28-14:13:44.799046 e07c                        Options.use_direct_io_for_flush_and_compaction: 0
2018/11/28-14:13:44.799058 e07c          Options.create_missing_column_families: 0
2018/11/28-14:13:44.799068 e07c                              Options.db_log_dir: 
2018/11/28-14:13:44.799080 e07c                                 Options.wal_dir: F:\IDEAspace\HelloWordJSoup\crawler\link
2018/11/28-14:13:44.799095 e07c                Options.table_cache_numshardbits: 6
2018/11/28-14:13:44.799105 e07c                      Options.max_subcompactions: 1
2018/11/28-14:13:44.799116 e07c                  Options.max_background_flushes: -1
2018/11/28-14:13:44.799126 e07c                         Options.WAL_ttl_seconds: 0
2018/11/28-14:13:44.799137 e07c                       Options.WAL_size_limit_MB: 0
2018/11/28-14:13:44.799151 e07c             Options.manifest_preallocation_size: 4194304
2018/11/28-14:13:44.799162 e07c                     Options.is_fd_close_on_exec: 1
2018/11/28-14:13:44.799172 e07c                   Options.advise_random_on_open: 1
2018/11/28-14:13:44.799182 e07c                    Options.db_write_buffer_size: 0
2018/11/28-14:13:44.799192 e07c                    Options.write_buffer_manager: 000000001A879AE0
2018/11/28-14:13:44.799205 e07c         Options.access_hint_on_compaction_start: 1
2018/11/28-14:13:44.799218 e07c  Options.new_table_reader_for_compaction_inputs: 0
2018/11/28-14:13:44.799228 e07c           Options.random_access_max_buffer_size: 1048576
2018/11/28-14:13:44.799238 e07c                      Options.use_adaptive_mutex: 0
2018/11/28-14:13:44.799248 e07c                            Options.rate_limiter: 0000000000000000
2018/11/28-14:13:44.799259 e07c     Options.sst_file_manager.rate_bytes_per_sec: 0
2018/11/28-14:13:44.799270 e07c                       Options.wal_recovery_mode: 2
2018/11/28-14:13:44.799284 e07c                  Options.enable_thread_tracking: 0
2018/11/28-14:13:44.799293 e07c                  Options.enable_pipelined_write: 0
2018/11/28-14:13:44.799304 e07c         Options.allow_concurrent_memtable_write: 1
2018/11/28-14:13:44.799314 e07c      Options.enable_write_thread_adaptive_yield: 1
2018/11/28-14:13:44.799381 e07c             Options.write_thread_max_yield_usec: 100
2018/11/28-14:13:44.799401 e07c            Options.write_thread_slow_yield_usec: 3
2018/11/28-14:13:44.799412 e07c                               Options.row_cache: None
2018/11/28-14:13:44.799423 e07c                              Options.wal_filter: None
2018/11/28-14:13:44.799437 e07c             Options.avoid_flush_during_recovery: 0
2018/11/28-14:13:44.799447 e07c             Options.allow_ingest_behind: 0
2018/11/28-14:13:44.799457 e07c             Options.preserve_deletes: 0
2018/11/28-14:13:44.799472 e07c             Options.two_write_queues: 0
2018/11/28-14:13:44.799482 e07c             Options.manual_wal_flush: 0
2018/11/28-14:13:44.799492 e07c             Options.max_background_jobs: 2
2018/11/28-14:13:44.799504 e07c             Options.max_background_compactions: -1
2018/11/28-14:13:44.799516 e07c             Options.avoid_flush_during_shutdown: 0
2018/11/28-14:13:44.799526 e07c           Options.writable_file_max_buffer_size: 1048576
2018/11/28-14:13:44.799536 e07c             Options.delayed_write_rate : 16777216
2018/11/28-14:13:44.799547 e07c             Options.max_total_wal_size: 0
2018/11/28-14:13:44.799557 e07c             Options.delete_obsolete_files_period_micros: 21600000000
2018/11/28-14:13:44.799567 e07c                   Options.stats_dump_period_sec: 600
2018/11/28-14:13:44.799577 e07c                          Options.max_open_files: -1
2018/11/28-14:13:44.799587 e07c                          Options.bytes_per_sync: 0
2018/11/28-14:13:44.799597 e07c                      Options.wal_bytes_per_sync: 0
2018/11/28-14:13:44.799607 e07c       Options.compaction_readahead_size: 0
2018/11/28-14:13:44.799617 e07c Compression algorithms supported:
2018/11/28-14:13:44.799627 e07c 	kZSTD supported: 0
2018/11/28-14:13:44.799636 e07c 	kSnappyCompression supported: 0
2018/11/28-14:13:44.799646 e07c 	kBZip2Compression supported: 0
2018/11/28-14:13:44.799655 e07c 	kZlibCompression supported: 0
2018/11/28-14:13:44.799665 e07c 	kLZ4Compression supported: 0
2018/11/28-14:13:44.799674 e07c 	kXpressCompression supported: 0
2018/11/28-14:13:44.799683 e07c 	kLZ4HCCompression supported: 0
2018/11/28-14:13:44.799692 e07c 	kZSTDNotFinalCompression supported: 0
2018/11/28-14:13:44.799708 e07c Fast CRC32 supported: Supported on x86
2018/11/28-14:13:44.800644 e07c [c:\users\aretter\code\rocksdb\db\db_impl_open.cc:222] Creating manifest 1 
2018/11/28-14:13:44.904299 e07c [c:\users\aretter\code\rocksdb\db\version_set.cc:3085] Recovering from manifest file: MANIFEST-000001
2018/11/28-14:13:44.904526 e07c [c:\users\aretter\code\rocksdb\db\column_family.cc:475] --------------- Options for column family [default]:
2018/11/28-14:13:44.904559 e07c               Options.comparator: leveldb.BytewiseComparator
2018/11/28-14:13:44.904578 e07c           Options.merge_operator: None
2018/11/28-14:13:44.904596 e07c        Options.compaction_filter: None
2018/11/28-14:13:44.904613 e07c        Options.compaction_filter_factory: None
2018/11/28-14:13:44.904630 e07c         Options.memtable_factory: SkipListFactory
2018/11/28-14:13:44.904648 e07c            Options.table_factory: BlockBasedTable
2018/11/28-14:13:44.904755 e07c            table_factory options:   flush_block_policy_factory: FlushBlockBySizePolicyFactory (000000001A571CF0)
  cache_index_and_filter_blocks: 0
  cache_index_and_filter_blocks_with_high_priority: 0
  pin_l0_filter_and_index_blocks_in_cache: 0
  index_type: 0
  hash_index_allow_collision: 1
  checksum: 1
  no_block_cache: 0
  block_cache: 000000001A84B360
  block_cache_name: LRUCache
  block_cache_options:
    capacity : 8388608
    num_shard_bits : 4
    strict_capacity_limit : 0
    high_pri_pool_ratio: 0.000
  block_cache_compressed: 0000000000000000
  persistent_cache: 0000000000000000
  block_size: 4096
  block_size_deviation: 10
  block_restart_interval: 16
  index_block_restart_interval: 1
  metadata_block_size: 4096
  partition_filters: 0
  use_delta_encoding: 1
  filter_policy: nullptr
  whole_key_filtering: 1
  verify_compression: 0
  read_amp_bytes_per_bit: 0
  format_version: 2
  enable_index_compression: 1
  block_align: 0
2018/11/28-14:13:44.904882 e07c        Options.write_buffer_size: 67108864
2018/11/28-14:13:44.904910 e07c  Options.max_write_buffer_number: 2
2018/11/28-14:13:44.904928 e07c          Options.compression: NoCompression
2018/11/28-14:13:44.904945 e07c                  Options.bottommost_compression: Disabled
2018/11/28-14:13:44.904964 e07c       Options.prefix_extractor: nullptr
2018/11/28-14:13:44.904981 e07c   Options.memtable_insert_with_hint_prefix_extractor: nullptr
2018/11/28-14:13:44.904999 e07c             Options.num_levels: 7
2018/11/28-14:13:44.905015 e07c        Options.min_write_buffer_number_to_merge: 1
2018/11/28-14:13:44.905033 e07c     Options.max_write_buffer_number_to_maintain: 0
2018/11/28-14:13:44.905050 e07c            Options.compression_opts.window_bits: -14
2018/11/28-14:13:44.905069 e07c                  Options.compression_opts.level: -1
2018/11/28-14:13:44.905086 e07c               Options.compression_opts.strategy: 0
2018/11/28-14:13:44.905104 e07c         Options.compression_opts.max_dict_bytes: 0
2018/11/28-14:13:44.905122 e07c         Options.compression_opts.zstd_max_train_bytes: 0
2018/11/28-14:13:44.905140 e07c      Options.level0_file_num_compaction_trigger: 4
2018/11/28-14:13:44.905157 e07c          Options.level0_slowdown_writes_trigger: 20
2018/11/28-14:13:44.905175 e07c              Options.level0_stop_writes_trigger: 36
2018/11/28-14:13:44.905193 e07c                   Options.target_file_size_base: 67108864
2018/11/28-14:13:44.905211 e07c             Options.target_file_size_multiplier: 1
2018/11/28-14:13:44.905229 e07c                Options.max_bytes_for_level_base: 268435456
2018/11/28-14:13:44.905247 e07c Options.level_compaction_dynamic_level_bytes: 0
2018/11/28-14:13:44.905264 e07c          Options.max_bytes_for_level_multiplier: 10.000000
2018/11/28-14:13:44.905286 e07c Options.max_bytes_for_level_multiplier_addtl[0]: 1
2018/11/28-14:13:44.905305 e07c Options.max_bytes_for_level_multiplier_addtl[1]: 1
2018/11/28-14:13:44.905322 e07c Options.max_bytes_for_level_multiplier_addtl[2]: 1
2018/11/28-14:13:44.905340 e07c Options.max_bytes_for_level_multiplier_addtl[3]: 1
2018/11/28-14:13:44.905358 e07c Options.max_bytes_for_level_multiplier_addtl[4]: 1
2018/11/28-14:13:44.905376 e07c Options.max_bytes_for_level_multiplier_addtl[5]: 1
2018/11/28-14:13:44.905393 e07c Options.max_bytes_for_level_multiplier_addtl[6]: 1
2018/11/28-14:13:44.905411 e07c       Options.max_sequential_skip_in_iterations: 8
2018/11/28-14:13:44.905429 e07c                    Options.max_compaction_bytes: 1677721600
2018/11/28-14:13:44.905447 e07c                        Options.arena_block_size: 8388608
2018/11/28-14:13:44.905465 e07c   Options.soft_pending_compaction_bytes_limit: 68719476736
2018/11/28-14:13:44.905483 e07c   Options.hard_pending_compaction_bytes_limit: 274877906944
2018/11/28-14:13:44.905501 e07c       Options.rate_limit_delay_max_milliseconds: 100
2018/11/28-14:13:44.905519 e07c                Options.disable_auto_compactions: 0
2018/11/28-14:13:44.905539 e07c                        Options.compaction_style: kCompactionStyleLevel
2018/11/28-14:13:44.905561 e07c                          Options.compaction_pri: kByCompensatedSize
2018/11/28-14:13:44.905579 e07c Options.compaction_options_universal.size_ratio: 1
2018/11/28-14:13:44.905596 e07c Options.compaction_options_universal.min_merge_width: 2
2018/11/28-14:13:44.905615 e07c Options.compaction_options_universal.max_merge_width: 4294967295
2018/11/28-14:13:44.905633 e07c Options.compaction_options_universal.max_size_amplification_percent: 200
2018/11/28-14:13:44.905651 e07c Options.compaction_options_universal.compression_size_percent: -1
2018/11/28-14:13:44.905671 e07c Options.compaction_options_universal.stop_style: kCompactionStopStyleTotalSize
2018/11/28-14:13:44.905689 e07c Options.compaction_options_fifo.max_table_files_size: 1073741824
2018/11/28-14:13:44.905707 e07c Options.compaction_options_fifo.allow_compaction: 0
2018/11/28-14:13:44.905730 e07c Options.compaction_options_fifo.ttl: 0
2018/11/28-14:13:44.905750 e07c                   Options.table_properties_collectors: 
2018/11/28-14:13:44.905768 e07c                   Options.inplace_update_support: 0
2018/11/28-14:13:44.905786 e07c                 Options.inplace_update_num_locks: 10000
2018/11/28-14:13:44.905803 e07c               Options.memtable_prefix_bloom_size_ratio: 0.000000
2018/11/28-14:13:44.905823 e07c   Options.memtable_huge_page_size: 0
2018/11/28-14:13:44.905840 e07c                           Options.bloom_locality: 0
2018/11/28-14:13:44.905857 e07c                    Options.max_successive_merges: 0
2018/11/28-14:13:44.905875 e07c                Options.optimize_filters_for_hits: 0
2018/11/28-14:13:44.905892 e07c                Options.paranoid_file_checks: 0
2018/11/28-14:13:44.905910 e07c                Options.force_consistency_checks: 0
2018/11/28-14:13:44.905927 e07c                Options.report_bg_io_stats: 0
2018/11/28-14:13:44.905944 e07c                               Options.ttl: 0
2018/11/28-14:13:44.910810 e07c [c:\users\aretter\code\rocksdb\db\version_set.cc:3361] Recovered from manifest file:F:\IDEAspace\HelloWordJSoup\crawler\link/MANIFEST-000001 succeeded,manifest_file_number is 1, next_file_number is 3, last_sequence is 0, log_number is 0,prev_log_number is 0,max_column_family is 0,min_log_number_to_keep is 0
2018/11/28-14:13:44.910869 e07c [c:\users\aretter\code\rocksdb\db\version_set.cc:3369] Column family [default] (ID 0), log number is 0
2018/11/28-14:13:44.954257 e07c [c:\users\aretter\code\rocksdb\db\db_impl_open.cc:1219] DB pointer 0000000000910A90
2018/11/28-14:13:46.107393 e07c [c:\users\aretter\code\rocksdb\db\db_impl.cc:252] Shutdown: canceling all background work
2018/11/28-14:13:46.116575 e07c [c:\users\aretter\code\rocksdb\db\db_impl.cc:398] Shutdown complete
