2018/11/28-14:13:44.967502 20eec RocksDB version: 5.14.2
2018/11/28-14:13:44.967727 20eec Git sha rocksdb_build_git_sha:@5089e121166c46956a8a21c8ef967f1896c239de@
2018/11/28-14:13:44.967835 20eec Compile date Jul  6 2018
2018/11/28-14:13:44.968000 20eec DB SUMMARY
2018/11/28-14:13:44.968623 20eec CURRENT file:  CURRENT
2018/11/28-14:13:44.968733 20eec IDENTITY file:  IDENTITY
2018/11/28-14:13:44.968953 20eec MANIFEST file:  MANIFEST-000011 size: 160 Bytes
2018/11/28-14:13:44.969042 20eec SST files in F:\IDEAspace\HelloWordJSoup\crawler\crawldb dir, Total Num: 1, files: 000004.sst 
2018/11/28-14:13:44.969135 20eec Write Ahead Log file in F:\IDEAspace\HelloWordJSoup\crawler\crawldb: 000012.log size: 166 ; 
2018/11/28-14:13:44.969201 20eec                         Options.error_if_exists: 0
2018/11/28-14:13:44.969797 20eec                       Options.create_if_missing: 1
2018/11/28-14:13:44.969840 20eec                         Options.paranoid_checks: 1
2018/11/28-14:13:44.969873 20eec                                     Options.env: 0000000000943650
2018/11/28-14:13:44.969906 20eec                                Options.info_log: 000000001A57ABC0
2018/11/28-14:13:44.969939 20eec                Options.max_file_opening_threads: 16
2018/11/28-14:13:44.969965 20eec                              Options.statistics: 0000000000000000
2018/11/28-14:13:44.969995 20eec                               Options.use_fsync: 0
2018/11/28-14:13:44.970027 20eec                       Options.max_log_file_size: 0
2018/11/28-14:13:44.970057 20eec                  Options.max_manifest_file_size: 18446744073709551615
2018/11/28-14:13:44.970087 20eec                   Options.log_file_time_to_roll: 0
2018/11/28-14:13:44.970116 20eec                       Options.keep_log_file_num: 1000
2018/11/28-14:13:44.970151 20eec                    Options.recycle_log_file_num: 0
2018/11/28-14:13:44.970175 20eec                         Options.allow_fallocate: 1
2018/11/28-14:13:44.970193 20eec                        Options.allow_mmap_reads: 0
2018/11/28-14:13:44.970212 20eec                       Options.allow_mmap_writes: 0
2018/11/28-14:13:44.970230 20eec                        Options.use_direct_reads: 0
2018/11/28-14:13:44.970247 20eec                        Options.use_direct_io_for_flush_and_compaction: 0
2018/11/28-14:13:44.970267 20eec          Options.create_missing_column_families: 0
2018/11/28-14:13:44.970285 20eec                              Options.db_log_dir: 
2018/11/28-14:13:44.970304 20eec                                 Options.wal_dir: F:\IDEAspace\HelloWordJSoup\crawler\crawldb
2018/11/28-14:13:44.970323 20eec                Options.table_cache_numshardbits: 6
2018/11/28-14:13:44.970341 20eec                      Options.max_subcompactions: 1
2018/11/28-14:13:44.970359 20eec                  Options.max_background_flushes: -1
2018/11/28-14:13:44.970377 20eec                         Options.WAL_ttl_seconds: 0
2018/11/28-14:13:44.970395 20eec                       Options.WAL_size_limit_MB: 0
2018/11/28-14:13:44.970419 20eec             Options.manifest_preallocation_size: 4194304
2018/11/28-14:13:44.970438 20eec                     Options.is_fd_close_on_exec: 1
2018/11/28-14:13:44.970623 20eec                   Options.advise_random_on_open: 1
2018/11/28-14:13:44.970670 20eec                    Options.db_write_buffer_size: 0
2018/11/28-14:13:44.970711 20eec                    Options.write_buffer_manager: 000000001A52EAC0
2018/11/28-14:13:44.970747 20eec         Options.access_hint_on_compaction_start: 1
2018/11/28-14:13:44.970776 20eec  Options.new_table_reader_for_compaction_inputs: 0
2018/11/28-14:13:44.970804 20eec           Options.random_access_max_buffer_size: 1048576
2018/11/28-14:13:44.970833 20eec                      Options.use_adaptive_mutex: 0
2018/11/28-14:13:44.970861 20eec                            Options.rate_limiter: 0000000000000000
2018/11/28-14:13:44.970895 20eec     Options.sst_file_manager.rate_bytes_per_sec: 0
2018/11/28-14:13:44.970929 20eec                       Options.wal_recovery_mode: 2
2018/11/28-14:13:44.970969 20eec                  Options.enable_thread_tracking: 0
2018/11/28-14:13:44.971137 20eec                  Options.enable_pipelined_write: 0
2018/11/28-14:13:44.971186 20eec         Options.allow_concurrent_memtable_write: 1
2018/11/28-14:13:44.971208 20eec      Options.enable_write_thread_adaptive_yield: 1
2018/11/28-14:13:44.971227 20eec             Options.write_thread_max_yield_usec: 100
2018/11/28-14:13:44.971246 20eec            Options.write_thread_slow_yield_usec: 3
2018/11/28-14:13:44.971264 20eec                               Options.row_cache: None
2018/11/28-14:13:44.971283 20eec                              Options.wal_filter: None
2018/11/28-14:13:44.971302 20eec             Options.avoid_flush_during_recovery: 0
2018/11/28-14:13:44.971320 20eec             Options.allow_ingest_behind: 0
2018/11/28-14:13:44.971338 20eec             Options.preserve_deletes: 0
2018/11/28-14:13:44.971355 20eec             Options.two_write_queues: 0
2018/11/28-14:13:44.971373 20eec             Options.manual_wal_flush: 0
2018/11/28-14:13:44.971390 20eec             Options.max_background_jobs: 2
2018/11/28-14:13:44.971407 20eec             Options.max_background_compactions: -1
2018/11/28-14:13:44.971426 20eec             Options.avoid_flush_during_shutdown: 0
2018/11/28-14:13:44.971444 20eec           Options.writable_file_max_buffer_size: 1048576
2018/11/28-14:13:44.971463 20eec             Options.delayed_write_rate : 16777216
2018/11/28-14:13:44.971482 20eec             Options.max_total_wal_size: 0
2018/11/28-14:13:44.971499 20eec             Options.delete_obsolete_files_period_micros: 21600000000
2018/11/28-14:13:44.971519 20eec                   Options.stats_dump_period_sec: 600
2018/11/28-14:13:44.971537 20eec                          Options.max_open_files: -1
2018/11/28-14:13:44.971556 20eec                          Options.bytes_per_sync: 0
2018/11/28-14:13:44.971574 20eec                      Options.wal_bytes_per_sync: 0
2018/11/28-14:13:44.971592 20eec       Options.compaction_readahead_size: 0
2018/11/28-14:13:44.971610 20eec Compression algorithms supported:
2018/11/28-14:13:44.971628 20eec 	kZSTD supported: 0
2018/11/28-14:13:44.971645 20eec 	kSnappyCompression supported: 0
2018/11/28-14:13:44.971662 20eec 	kBZip2Compression supported: 0
2018/11/28-14:13:44.971678 20eec 	kZlibCompression supported: 0
2018/11/28-14:13:44.971695 20eec 	kLZ4Compression supported: 0
2018/11/28-14:13:44.971712 20eec 	kXpressCompression supported: 0
2018/11/28-14:13:44.971728 20eec 	kLZ4HCCompression supported: 0
2018/11/28-14:13:44.971744 20eec 	kZSTDNotFinalCompression supported: 0
2018/11/28-14:13:44.971768 20eec Fast CRC32 supported: Supported on x86
2018/11/28-14:13:44.973737 20eec [c:\users\aretter\code\rocksdb\db\version_set.cc:3085] Recovering from manifest file: MANIFEST-000011
2018/11/28-14:13:44.973978 20eec [c:\users\aretter\code\rocksdb\db\column_family.cc:475] --------------- Options for column family [default]:
2018/11/28-14:13:44.974010 20eec               Options.comparator: leveldb.BytewiseComparator
2018/11/28-14:13:44.974029 20eec           Options.merge_operator: None
2018/11/28-14:13:44.974046 20eec        Options.compaction_filter: None
2018/11/28-14:13:44.974063 20eec        Options.compaction_filter_factory: None
2018/11/28-14:13:44.974080 20eec         Options.memtable_factory: SkipListFactory
2018/11/28-14:13:44.974098 20eec            Options.table_factory: BlockBasedTable
2018/11/28-14:13:44.974215 20eec            table_factory options:   flush_block_policy_factory: FlushBlockBySizePolicyFactory (000000001A571C10)
  cache_index_and_filter_blocks: 0
  cache_index_and_filter_blocks_with_high_priority: 0
  pin_l0_filter_and_index_blocks_in_cache: 0
  index_type: 0
  hash_index_allow_collision: 1
  checksum: 1
  no_block_cache: 0
  block_cache: 000000001A853160
  block_cache_name: LRUCache
  block_cache_options:
    capacity : 8388608
    num_shard_bits : 4
    strict_capacity_limit : 0
    high_pri_pool_ratio: 0.000
  block_cache_compressed: 0000000000000000
  persistent_cache: 0000000000000000
  block_size: 4096
  block_size_deviation: 10
  block_restart_interval: 16
  index_block_restart_interval: 1
  metadata_block_size: 4096
  partition_filters: 0
  use_delta_encoding: 1
  filter_policy: nullptr
  whole_key_filtering: 1
  verify_compression: 0
  read_amp_bytes_per_bit: 0
  format_version: 2
  enable_index_compression: 1
  block_align: 0
2018/11/28-14:13:44.974329 20eec        Options.write_buffer_size: 67108864
2018/11/28-14:13:44.974357 20eec  Options.max_write_buffer_number: 2
2018/11/28-14:13:44.974375 20eec          Options.compression: NoCompression
2018/11/28-14:13:44.974392 20eec                  Options.bottommost_compression: Disabled
2018/11/28-14:13:44.974411 20eec       Options.prefix_extractor: nullptr
2018/11/28-14:13:44.974428 20eec   Options.memtable_insert_with_hint_prefix_extractor: nullptr
2018/11/28-14:13:44.974446 20eec             Options.num_levels: 7
2018/11/28-14:13:44.974462 20eec        Options.min_write_buffer_number_to_merge: 1
2018/11/28-14:13:44.974480 20eec     Options.max_write_buffer_number_to_maintain: 0
2018/11/28-14:13:44.974498 20eec            Options.compression_opts.window_bits: -14
2018/11/28-14:13:44.974516 20eec                  Options.compression_opts.level: -1
2018/11/28-14:13:44.974534 20eec               Options.compression_opts.strategy: 0
2018/11/28-14:13:44.974551 20eec         Options.compression_opts.max_dict_bytes: 0
2018/11/28-14:13:44.974569 20eec         Options.compression_opts.zstd_max_train_bytes: 0
2018/11/28-14:13:44.974587 20eec      Options.level0_file_num_compaction_trigger: 4
2018/11/28-14:13:44.974605 20eec          Options.level0_slowdown_writes_trigger: 20
2018/11/28-14:13:44.974622 20eec              Options.level0_stop_writes_trigger: 36
2018/11/28-14:13:44.974640 20eec                   Options.target_file_size_base: 67108864
2018/11/28-14:13:44.974658 20eec             Options.target_file_size_multiplier: 1
2018/11/28-14:13:44.974676 20eec                Options.max_bytes_for_level_base: 268435456
2018/11/28-14:13:44.974694 20eec Options.level_compaction_dynamic_level_bytes: 0
2018/11/28-14:13:44.974711 20eec          Options.max_bytes_for_level_multiplier: 10.000000
2018/11/28-14:13:44.974733 20eec Options.max_bytes_for_level_multiplier_addtl[0]: 1
2018/11/28-14:13:44.974752 20eec Options.max_bytes_for_level_multiplier_addtl[1]: 1
2018/11/28-14:13:44.974769 20eec Options.max_bytes_for_level_multiplier_addtl[2]: 1
2018/11/28-14:13:44.974787 20eec Options.max_bytes_for_level_multiplier_addtl[3]: 1
2018/11/28-14:13:44.974805 20eec Options.max_bytes_for_level_multiplier_addtl[4]: 1
2018/11/28-14:13:44.974823 20eec Options.max_bytes_for_level_multiplier_addtl[5]: 1
2018/11/28-14:13:44.974840 20eec Options.max_bytes_for_level_multiplier_addtl[6]: 1
2018/11/28-14:13:44.974858 20eec       Options.max_sequential_skip_in_iterations: 8
2018/11/28-14:13:44.974876 20eec                    Options.max_compaction_bytes: 1677721600
2018/11/28-14:13:44.974894 20eec                        Options.arena_block_size: 8388608
2018/11/28-14:13:44.974912 20eec   Options.soft_pending_compaction_bytes_limit: 68719476736
2018/11/28-14:13:44.974930 20eec   Options.hard_pending_compaction_bytes_limit: 274877906944
2018/11/28-14:13:44.974948 20eec       Options.rate_limit_delay_max_milliseconds: 100
2018/11/28-14:13:44.974966 20eec                Options.disable_auto_compactions: 0
2018/11/28-14:13:44.974986 20eec                        Options.compaction_style: kCompactionStyleLevel
2018/11/28-14:13:44.975006 20eec                          Options.compaction_pri: kByCompensatedSize
2018/11/28-14:13:44.975025 20eec Options.compaction_options_universal.size_ratio: 1
2018/11/28-14:13:44.975042 20eec Options.compaction_options_universal.min_merge_width: 2
2018/11/28-14:13:44.975060 20eec Options.compaction_options_universal.max_merge_width: 4294967295
2018/11/28-14:13:44.975079 20eec Options.compaction_options_universal.max_size_amplification_percent: 200
2018/11/28-14:13:44.975097 20eec Options.compaction_options_universal.compression_size_percent: -1
2018/11/28-14:13:44.975117 20eec Options.compaction_options_universal.stop_style: kCompactionStopStyleTotalSize
2018/11/28-14:13:44.975204 20eec Options.compaction_options_fifo.max_table_files_size: 1073741824
2018/11/28-14:13:44.975229 20eec Options.compaction_options_fifo.allow_compaction: 0
2018/11/28-14:13:44.975247 20eec Options.compaction_options_fifo.ttl: 0
2018/11/28-14:13:44.975265 20eec                   Options.table_properties_collectors: 
2018/11/28-14:13:44.975283 20eec                   Options.inplace_update_support: 0
2018/11/28-14:13:44.975301 20eec                 Options.inplace_update_num_locks: 10000
2018/11/28-14:13:44.975319 20eec               Options.memtable_prefix_bloom_size_ratio: 0.000000
2018/11/28-14:13:44.975339 20eec   Options.memtable_huge_page_size: 0
2018/11/28-14:13:44.975356 20eec                           Options.bloom_locality: 0
2018/11/28-14:13:44.975373 20eec                    Options.max_successive_merges: 0
2018/11/28-14:13:44.975391 20eec                Options.optimize_filters_for_hits: 0
2018/11/28-14:13:44.975409 20eec                Options.paranoid_file_checks: 0
2018/11/28-14:13:44.975426 20eec                Options.force_consistency_checks: 0
2018/11/28-14:13:44.975444 20eec                Options.report_bg_io_stats: 0
2018/11/28-14:13:44.975461 20eec                               Options.ttl: 0
2018/11/28-14:13:44.980378 20eec [c:\users\aretter\code\rocksdb\db\version_set.cc:3361] Recovered from manifest file:F:\IDEAspace\HelloWordJSoup\crawler\crawldb/MANIFEST-000011 succeeded,manifest_file_number is 11, next_file_number is 13, last_sequence is 1, log_number is 0,prev_log_number is 0,max_column_family is 0,min_log_number_to_keep is 0
2018/11/28-14:13:44.980436 20eec [c:\users\aretter\code\rocksdb\db\version_set.cc:3369] Column family [default] (ID 0), log number is 10
2018/11/28-14:13:44.980951 20eec EVENT_LOG_v1 {"time_micros": 1543385624980924, "job": 1, "event": "recovery_started", "log_files": [12]}
2018/11/28-14:13:44.980987 20eec [c:\users\aretter\code\rocksdb\db\db_impl_open.cc:551] Recovering log #12 mode 2
2018/11/28-14:13:45.027356 20eec EVENT_LOG_v1 {"time_micros": 1543385625027290, "cf_name": "default", "job": 1, "event": "table_file_creation", "file_number": 13, "file_size": 1102, "table_properties": {"data_size": 168, "index_size": 28, "filter_size": 0, "raw_key_size": 46, "raw_average_key_size": 46, "raw_value_size": 106, "raw_average_value_size": 106, "num_data_blocks": 1, "num_entries": 1, "filter_policy_name": "", "kDeletedKeys": "0", "kMergeOperands": "0"}}
2018/11/28-14:13:45.027492 20eec [c:\users\aretter\code\rocksdb\db\version_set.cc:2847] Creating manifest 14
2018/11/28-14:13:45.101545 20eec EVENT_LOG_v1 {"time_micros": 1543385625101514, "job": 1, "event": "recovery_finished"}
2018/11/28-14:13:45.152269 20eec [c:\users\aretter\code\rocksdb\db\db_impl_open.cc:1219] DB pointer 000000001A54D590
2018/11/28-14:13:45.956993 e07c [c:\users\aretter\code\rocksdb\db\db_impl.cc:252] Shutdown: canceling all background work
2018/11/28-14:13:46.007283 e07c [c:\users\aretter\code\rocksdb\db\db_impl.cc:398] Shutdown complete
