2018/11/28-14:13:44.646381 e07c RocksDB version: 5.14.2
2018/11/28-14:13:44.646475 e07c Git sha rocksdb_build_git_sha:@5089e121166c46956a8a21c8ef967f1896c239de@
2018/11/28-14:13:44.646513 e07c Compile date Jul  6 2018
2018/11/28-14:13:44.646551 e07c DB SUMMARY
2018/11/28-14:13:44.646705 e07c SST files in F:\IDEAspace\HelloWordJSoup\crawler\fetch dir, Total Num: 0, files: 
2018/11/28-14:13:44.646739 e07c Write Ahead Log file in F:\IDEAspace\HelloWordJSoup\crawler\fetch: 
2018/11/28-14:13:44.646763 e07c                         Options.error_if_exists: 0
2018/11/28-14:13:44.646787 e07c                       Options.create_if_missing: 1
2018/11/28-14:13:44.646809 e07c                         Options.paranoid_checks: 1
2018/11/28-14:13:44.646831 e07c                                     Options.env: 0000000000943650
2018/11/28-14:13:44.647392 e07c                                Options.info_log: 000000001A57AE90
2018/11/28-14:13:44.647420 e07c                Options.max_file_opening_threads: 16
2018/11/28-14:13:44.647432 e07c                              Options.statistics: 0000000000000000
2018/11/28-14:13:44.647443 e07c                               Options.use_fsync: 0
2018/11/28-14:13:44.647453 e07c                       Options.max_log_file_size: 0
2018/11/28-14:13:44.647464 e07c                  Options.max_manifest_file_size: 18446744073709551615
2018/11/28-14:13:44.647474 e07c                   Options.log_file_time_to_roll: 0
2018/11/28-14:13:44.647485 e07c                       Options.keep_log_file_num: 1000
2018/11/28-14:13:44.647495 e07c                    Options.recycle_log_file_num: 0
2018/11/28-14:13:44.647505 e07c                         Options.allow_fallocate: 1
2018/11/28-14:13:44.647515 e07c                        Options.allow_mmap_reads: 0
2018/11/28-14:13:44.647525 e07c                       Options.allow_mmap_writes: 0
2018/11/28-14:13:44.647534 e07c                        Options.use_direct_reads: 0
2018/11/28-14:13:44.647544 e07c                        Options.use_direct_io_for_flush_and_compaction: 0
2018/11/28-14:13:44.647555 e07c          Options.create_missing_column_families: 0
2018/11/28-14:13:44.647565 e07c                              Options.db_log_dir: 
2018/11/28-14:13:44.647575 e07c                                 Options.wal_dir: F:\IDEAspace\HelloWordJSoup\crawler\fetch
2018/11/28-14:13:44.647586 e07c                Options.table_cache_numshardbits: 6
2018/11/28-14:13:44.647596 e07c                      Options.max_subcompactions: 1
2018/11/28-14:13:44.647605 e07c                  Options.max_background_flushes: -1
2018/11/28-14:13:44.647616 e07c                         Options.WAL_ttl_seconds: 0
2018/11/28-14:13:44.647626 e07c                       Options.WAL_size_limit_MB: 0
2018/11/28-14:13:44.647636 e07c             Options.manifest_preallocation_size: 4194304
2018/11/28-14:13:44.647646 e07c                     Options.is_fd_close_on_exec: 1
2018/11/28-14:13:44.647656 e07c                   Options.advise_random_on_open: 1
2018/11/28-14:13:44.647666 e07c                    Options.db_write_buffer_size: 0
2018/11/28-14:13:44.647676 e07c                    Options.write_buffer_manager: 000000001A8BBE10
2018/11/28-14:13:44.647686 e07c         Options.access_hint_on_compaction_start: 1
2018/11/28-14:13:44.647696 e07c  Options.new_table_reader_for_compaction_inputs: 0
2018/11/28-14:13:44.647706 e07c           Options.random_access_max_buffer_size: 1048576
2018/11/28-14:13:44.647716 e07c                      Options.use_adaptive_mutex: 0
2018/11/28-14:13:44.647726 e07c                            Options.rate_limiter: 0000000000000000
2018/11/28-14:13:44.647736 e07c     Options.sst_file_manager.rate_bytes_per_sec: 0
2018/11/28-14:13:44.647747 e07c                       Options.wal_recovery_mode: 2
2018/11/28-14:13:44.647756 e07c                  Options.enable_thread_tracking: 0
2018/11/28-14:13:44.647766 e07c                  Options.enable_pipelined_write: 0
2018/11/28-14:13:44.647776 e07c         Options.allow_concurrent_memtable_write: 1
2018/11/28-14:13:44.647786 e07c      Options.enable_write_thread_adaptive_yield: 1
2018/11/28-14:13:44.647852 e07c             Options.write_thread_max_yield_usec: 100
2018/11/28-14:13:44.647869 e07c            Options.write_thread_slow_yield_usec: 3
2018/11/28-14:13:44.647880 e07c                               Options.row_cache: None
2018/11/28-14:13:44.647890 e07c                              Options.wal_filter: None
2018/11/28-14:13:44.647900 e07c             Options.avoid_flush_during_recovery: 0
2018/11/28-14:13:44.647910 e07c             Options.allow_ingest_behind: 0
2018/11/28-14:13:44.647920 e07c             Options.preserve_deletes: 0
2018/11/28-14:13:44.647929 e07c             Options.two_write_queues: 0
2018/11/28-14:13:44.647939 e07c             Options.manual_wal_flush: 0
2018/11/28-14:13:44.647949 e07c             Options.max_background_jobs: 2
2018/11/28-14:13:44.647958 e07c             Options.max_background_compactions: -1
2018/11/28-14:13:44.647969 e07c             Options.avoid_flush_during_shutdown: 0
2018/11/28-14:13:44.647978 e07c           Options.writable_file_max_buffer_size: 1048576
2018/11/28-14:13:44.647989 e07c             Options.delayed_write_rate : 16777216
2018/11/28-14:13:44.647998 e07c             Options.max_total_wal_size: 0
2018/11/28-14:13:44.648008 e07c             Options.delete_obsolete_files_period_micros: 21600000000
2018/11/28-14:13:44.648019 e07c                   Options.stats_dump_period_sec: 600
2018/11/28-14:13:44.648029 e07c                          Options.max_open_files: -1
2018/11/28-14:13:44.648039 e07c                          Options.bytes_per_sync: 0
2018/11/28-14:13:44.648049 e07c                      Options.wal_bytes_per_sync: 0
2018/11/28-14:13:44.648059 e07c       Options.compaction_readahead_size: 0
2018/11/28-14:13:44.648069 e07c Compression algorithms supported:
2018/11/28-14:13:44.648079 e07c 	kZSTD supported: 0
2018/11/28-14:13:44.648089 e07c 	kSnappyCompression supported: 0
2018/11/28-14:13:44.648099 e07c 	kBZip2Compression supported: 0
2018/11/28-14:13:44.648108 e07c 	kZlibCompression supported: 0
2018/11/28-14:13:44.648117 e07c 	kLZ4Compression supported: 0
2018/11/28-14:13:44.648127 e07c 	kXpressCompression supported: 0
2018/11/28-14:13:44.648136 e07c 	kLZ4HCCompression supported: 0
2018/11/28-14:13:44.648145 e07c 	kZSTDNotFinalCompression supported: 0
2018/11/28-14:13:44.648160 e07c Fast CRC32 supported: Supported on x86
2018/11/28-14:13:44.649164 e07c [c:\users\aretter\code\rocksdb\db\db_impl_open.cc:222] Creating manifest 1 
2018/11/28-14:13:44.748876 e07c [c:\users\aretter\code\rocksdb\db\version_set.cc:3085] Recovering from manifest file: MANIFEST-000001
2018/11/28-14:13:44.749104 e07c [c:\users\aretter\code\rocksdb\db\column_family.cc:475] --------------- Options for column family [default]:
2018/11/28-14:13:44.749138 e07c               Options.comparator: leveldb.BytewiseComparator
2018/11/28-14:13:44.749157 e07c           Options.merge_operator: None
2018/11/28-14:13:44.749174 e07c        Options.compaction_filter: None
2018/11/28-14:13:44.749191 e07c        Options.compaction_filter_factory: None
2018/11/28-14:13:44.749208 e07c         Options.memtable_factory: SkipListFactory
2018/11/28-14:13:44.749226 e07c            Options.table_factory: BlockBasedTable
2018/11/28-14:13:44.749364 e07c            table_factory options:   flush_block_policy_factory: FlushBlockBySizePolicyFactory (000000001A571DF0)
  cache_index_and_filter_blocks: 0
  cache_index_and_filter_blocks_with_high_priority: 0
  pin_l0_filter_and_index_blocks_in_cache: 0
  index_type: 0
  hash_index_allow_collision: 1
  checksum: 1
  no_block_cache: 0
  block_cache: 000000001A84B400
  block_cache_name: LRUCache
  block_cache_options:
    capacity : 8388608
    num_shard_bits : 4
    strict_capacity_limit : 0
    high_pri_pool_ratio: 0.000
  block_cache_compressed: 0000000000000000
  persistent_cache: 0000000000000000
  block_size: 4096
  block_size_deviation: 10
  block_restart_interval: 16
  index_block_restart_interval: 1
  metadata_block_size: 4096
  partition_filters: 0
  use_delta_encoding: 1
  filter_policy: nullptr
  whole_key_filtering: 1
  verify_compression: 0
  read_amp_bytes_per_bit: 0
  format_version: 2
  enable_index_compression: 1
  block_align: 0
2018/11/28-14:13:44.749484 e07c        Options.write_buffer_size: 67108864
2018/11/28-14:13:44.749511 e07c  Options.max_write_buffer_number: 2
2018/11/28-14:13:44.749529 e07c          Options.compression: NoCompression
2018/11/28-14:13:44.749547 e07c                  Options.bottommost_compression: Disabled
2018/11/28-14:13:44.749565 e07c       Options.prefix_extractor: nullptr
2018/11/28-14:13:44.749582 e07c   Options.memtable_insert_with_hint_prefix_extractor: nullptr
2018/11/28-14:13:44.749600 e07c             Options.num_levels: 7
2018/11/28-14:13:44.749616 e07c        Options.min_write_buffer_number_to_merge: 1
2018/11/28-14:13:44.749634 e07c     Options.max_write_buffer_number_to_maintain: 0
2018/11/28-14:13:44.749652 e07c            Options.compression_opts.window_bits: -14
2018/11/28-14:13:44.749670 e07c                  Options.compression_opts.level: -1
2018/11/28-14:13:44.749687 e07c               Options.compression_opts.strategy: 0
2018/11/28-14:13:44.749705 e07c         Options.compression_opts.max_dict_bytes: 0
2018/11/28-14:13:44.749723 e07c         Options.compression_opts.zstd_max_train_bytes: 0
2018/11/28-14:13:44.749741 e07c      Options.level0_file_num_compaction_trigger: 4
2018/11/28-14:13:44.749758 e07c          Options.level0_slowdown_writes_trigger: 20
2018/11/28-14:13:44.749776 e07c              Options.level0_stop_writes_trigger: 36
2018/11/28-14:13:44.749794 e07c                   Options.target_file_size_base: 67108864
2018/11/28-14:13:44.749812 e07c             Options.target_file_size_multiplier: 1
2018/11/28-14:13:44.749829 e07c                Options.max_bytes_for_level_base: 268435456
2018/11/28-14:13:44.749847 e07c Options.level_compaction_dynamic_level_bytes: 0
2018/11/28-14:13:44.749865 e07c          Options.max_bytes_for_level_multiplier: 10.000000
2018/11/28-14:13:44.749887 e07c Options.max_bytes_for_level_multiplier_addtl[0]: 1
2018/11/28-14:13:44.749905 e07c Options.max_bytes_for_level_multiplier_addtl[1]: 1
2018/11/28-14:13:44.749923 e07c Options.max_bytes_for_level_multiplier_addtl[2]: 1
2018/11/28-14:13:44.749940 e07c Options.max_bytes_for_level_multiplier_addtl[3]: 1
2018/11/28-14:13:44.749958 e07c Options.max_bytes_for_level_multiplier_addtl[4]: 1
2018/11/28-14:13:44.749976 e07c Options.max_bytes_for_level_multiplier_addtl[5]: 1
2018/11/28-14:13:44.749993 e07c Options.max_bytes_for_level_multiplier_addtl[6]: 1
2018/11/28-14:13:44.750011 e07c       Options.max_sequential_skip_in_iterations: 8
2018/11/28-14:13:44.750029 e07c                    Options.max_compaction_bytes: 1677721600
2018/11/28-14:13:44.750047 e07c                        Options.arena_block_size: 8388608
2018/11/28-14:13:44.750065 e07c   Options.soft_pending_compaction_bytes_limit: 68719476736
2018/11/28-14:13:44.750083 e07c   Options.hard_pending_compaction_bytes_limit: 274877906944
2018/11/28-14:13:44.750101 e07c       Options.rate_limit_delay_max_milliseconds: 100
2018/11/28-14:13:44.750119 e07c                Options.disable_auto_compactions: 0
2018/11/28-14:13:44.750139 e07c                        Options.compaction_style: kCompactionStyleLevel
2018/11/28-14:13:44.750159 e07c                          Options.compaction_pri: kByCompensatedSize
2018/11/28-14:13:44.750177 e07c Options.compaction_options_universal.size_ratio: 1
2018/11/28-14:13:44.750195 e07c Options.compaction_options_universal.min_merge_width: 2
2018/11/28-14:13:44.750212 e07c Options.compaction_options_universal.max_merge_width: 4294967295
2018/11/28-14:13:44.750231 e07c Options.compaction_options_universal.max_size_amplification_percent: 200
2018/11/28-14:13:44.750250 e07c Options.compaction_options_universal.compression_size_percent: -1
2018/11/28-14:13:44.750269 e07c Options.compaction_options_universal.stop_style: kCompactionStopStyleTotalSize
2018/11/28-14:13:44.750287 e07c Options.compaction_options_fifo.max_table_files_size: 1073741824
2018/11/28-14:13:44.750306 e07c Options.compaction_options_fifo.allow_compaction: 0
2018/11/28-14:13:44.750328 e07c Options.compaction_options_fifo.ttl: 0
2018/11/28-14:13:44.750347 e07c                   Options.table_properties_collectors: 
2018/11/28-14:13:44.750366 e07c                   Options.inplace_update_support: 0
2018/11/28-14:13:44.750383 e07c                 Options.inplace_update_num_locks: 10000
2018/11/28-14:13:44.750401 e07c               Options.memtable_prefix_bloom_size_ratio: 0.000000
2018/11/28-14:13:44.750421 e07c   Options.memtable_huge_page_size: 0
2018/11/28-14:13:44.750438 e07c                           Options.bloom_locality: 0
2018/11/28-14:13:44.750455 e07c                    Options.max_successive_merges: 0
2018/11/28-14:13:44.750473 e07c                Options.optimize_filters_for_hits: 0
2018/11/28-14:13:44.750491 e07c                Options.paranoid_file_checks: 0
2018/11/28-14:13:44.750508 e07c                Options.force_consistency_checks: 0
2018/11/28-14:13:44.750525 e07c                Options.report_bg_io_stats: 0
2018/11/28-14:13:44.750543 e07c                               Options.ttl: 0
2018/11/28-14:13:44.754814 e07c [c:\users\aretter\code\rocksdb\db\version_set.cc:3361] Recovered from manifest file:F:\IDEAspace\HelloWordJSoup\crawler\fetch/MANIFEST-000001 succeeded,manifest_file_number is 1, next_file_number is 3, last_sequence is 0, log_number is 0,prev_log_number is 0,max_column_family is 0,min_log_number_to_keep is 0
2018/11/28-14:13:44.754852 e07c [c:\users\aretter\code\rocksdb\db\version_set.cc:3369] Column family [default] (ID 0), log number is 0
2018/11/28-14:13:44.794380 e07c [c:\users\aretter\code\rocksdb\db\db_impl_open.cc:1219] DB pointer 000000001A5503F0
2018/11/28-14:13:46.051820 e07c [c:\users\aretter\code\rocksdb\db\db_impl.cc:252] Shutdown: canceling all background work
2018/11/28-14:13:46.058672 e07c [c:\users\aretter\code\rocksdb\db\db_impl.cc:398] Shutdown complete
